sam	errorrate	totalread	unmapped	mappedcoverage	goodmapcoverage	ReadLen	duprate
sample_10M-1	1.768567e-02	10000000	865667	0.144582222744851	0.129484077302611	49	0.0156663874636495
sample_10M-10	6.278426e-03	10000000	262753	0.154125409559256	0.137514524477467	49	0.0249843718660932
sample_10M-11	4.118837e-03	10000000	213860	0.154899309374017	0.137925826436573	49	0.0233970697333167
sample_10M-12	2.789392e-03	10000000	165357	0.155667036097993	0.138673577671905	49	0.0209280601237889
sample_10M-13	2.613086e-03	10000000	167794	0.155628462194805	0.138511636923642	49	0.0218926454551501
sample_10M-14	6.383047e-03	10000000	226933	0.154692384205212	0.138076592307671	49	0.0189413415461083
sample_10M-17	5.102594e-03	10000000	223456	0.154747419683827	0.137574340144331	49	0.0249000055643385
sample_10M-18	4.008326e-03	10000000	199398	0.15512822024308	0.137706586743073	49	0.027352809551903
sample_10M-19	8.502336e-03	10000000	789936	0.145780926176255	0.129066713051786	49	0.020511692426893

